7 3 5 2 6 4 1 8 9 
8 2 6 1 7 9 3 5 4 
9 1 4 8 5 3 7 2 6 
1 4 8 5 3 7 9 6 2 
6 9 7 4 1 2 8 3 5 
3 5 2 9 8 6 4 7 1 
5 8 3 6 4 1 2 9 7 
2 6 1 7 9 8 5 4 3 
4 7 9 3 2 5 6 1 0 

0 0 0 2 6 0 7 0 1
6 8 0 0 7 0 0 9 0
1 9 0 0 0 4 5 0 0
8 2 0 1 0 0 0 4 0
0 0 4 6 0 2 9 0 0
0 5 0 0 0 3 0 2 8
0 0 9 3 0 0 0 7 4
0 4 0 0 5 0 0 3 6
7 0 3 0 1 8 0 0 0

0 2 0 6 0 8 0 0 0
5 8 0 0 0 9 7 0 0
0 0 0 0 4 0 0 0 0
3 7 0 0 0 0 5 0 0
6 0 0 0 0 0 0 0 4
0 0 8 0 0 0 0 1 3
0 0 0 0 2 0 0 0 0
0 0 9 8 0 0 0 3 6
0 0 0 3 0 6 0 9 0

2 0 0 3 0 0 0 0 0
8 0 4 0 6 2 0 0 3
0 1 3 8 0 0 2 0 0
0 0 0 0 2 0 3 9 0
5 0 7 0 0 0 6 2 1
0 3 2 0 0 6 0 0 0
0 2 0 0 0 9 1 4 0
6 0 1 2 5 0 8 0 9
0 0 0 0 0 1 0 0 2

0 0 0 0 0 0 2 0 0
0 8 0 0 0 7 0 9 0
6 0 2 0 0 0 5 0 0
0 7 0 0 6 0 0 0 0
0 0 0 9 0 1 0 0 0
0 0 0 0 2 0 0 4 0
0 0 5 0 0 0 6 0 3
0 9 0 4 0 0 0 7 0
0 0 6 0 0 0 0 0 0